1956
2
1
3
600
8
1#1938
4.5
57%#2030
1.8
95#500
13
100
94
3
60#195#295
40
95%#4
76
20
3
11#7
1990
9/11#68
5
15
3
5
857
15
2
61#2
150
10#2013
2013
4,000
1#3
7
15
35
50
10
67
129
60
9#15
460
64
27#9
1
11
18
2#3
28#2009
1972
21#2011
19
5
12
9/11
9/11
116
100
10
911
50%
72
84
245
150
16
100
10#2013
6#122
3
3
240#375
100
1#5
25
92
68#2
11
106.5
19
86
69
20#2
30#2011
80
17
34
280
3
105#3.5
3.6
458
2
3
82
2
1
2016#3
6
24#9/11
600
200
3
6#2
2010
348
2011
6#2
4
40
2
3
6
95
2012#4
2
5#2
1.6#8
20
4
90
6.4
1,600#25
50
100
70
67
1.5
4
3
3#2
26
45%#41%
55
2
120
14
2012
4.4
5
158
250#200
101
2
4#3
16
39.35
6
4
85
6#8
2
1#3
9#1#1#9/11
25
2009
10
50
35
2
76#10
3
30
3
299
10
218
6
40
20
13
4.6
1
2010#3
40
8
3
1#3
230
2
2012
2#50
18
41
3
1
48
1
3#2
5
400
21
1.7
2#3
10
25
50
13.8
300
15
5
1950
20#17
154
44
30
13
1
15
8.7
13
3#12
262
1,250
5
270
16
2
50
6.3%#6.7%
100#5
9.5
1#40
4
44
2013
10
9
2
52
2011
12
4
15
2
59
23
8#4
200
1
6#1#10.2
911
35
112
30
20
3
74
502#70
6
1,200
6#8
3
30
17
40
4
2
2#2
80%#2017
1#3
10
6#13
4#20
252
9#0
78
100
44
500
8,000#11.4
15
30
2
62
40#50
4
12
10
803
5
10
76#1957
6#9
26
10
35
4
78
2
17
3
201
514
93
12#01
50
39
3
2
500
10
20
4
53
2012
15#132
3
15
19
85
83
99
3#1.5
3
70
150
7.7
50
4
6#48
300
182
22
25
4
5#1
12
3#9/11
48
2#12
25
20
1
9/11
57
3.3
1
20
3
600#44
1.1
9/11
27
35.7#2015
90
3.3
46
21
275#20
3#30
83
24#74
16
100
1915
1.8
10
10
08#09#43
6
50
50
40
16.3
5
87
20#201
71#35
2015#1
800
15
82
3
20
2012
50
502#70
7#199
1#20
700
7
8
3
12
3
86
1
650
3
12
9
9/11
300
1
2012
3.5#2
1
56#18
274
188
3#70#80
92
1906
5#18
9#0
1,000
71%#34%
400
85#2012
2
1#5
102
2
3#2
40
4
484
11
2004
107
1
3
2
200
6.7
81
75%
11
2
23
91
25%#17
3
300
81
1#5
21
38
2#1
2
52
230
35
76.8#60
168
11#4
49
2012
3#175.3
67%#2010
1
2011
108
150
300
1
11
31
20
32
3
300
1973
67%#2010
85
1549#5
3
9#9#9
160
8
3
1
13
1.7
8
8
600
48
4#3
500#27
8.5
11
2
81
2
2
2.5
3
10#186
2.35
4
9/11
7.2
66
98
1
200
38
2#1981
900
2030
7
301
2012
6
4#3
68
12
1#5
8
2.5
3#2
10
2
1
7
11
5#5
1.6#8
4#3
134
48
9#0#9
100
5
40
4#2.75
1#3
22
10
11#7
2010
508
95
59
2
10
47
50%
110
2
38
44
2011
6,000
802
1.4#10
5
2
65
2012
96
2010
13
100
3
52
9#15
65
1
13
10
30
3
10
4
500
1#3
5
92,901
4
3
100
5,000
84.8
5
5
150#15
1847
26
1.2
60
65
150
4
2015
500#500
3
1.3
58
42
3#360
2
1#3
17#1.5
120
7
43
21
2
3#3
2012
9/11
5
10
500
1
3
700
3
191
5
6
350
2
2016
5
2
3
12
6#2
27
1549
2
1
80
186#2
28
53
499
2
20
1
3#9/11
2012
2008
6
2.5
6#2
1,181#2010
1
1#2
3#8
42
48.5
4
87
73
2
300
3,108
103
9#1#1#9/11
3#5
2
3
3
2
17
8
83
3
11#8
9/11
370
29
25
3,300
2
300
9/11
44
1
91
3
41
3#175
2
6
4
52
2020
1.5
20
7
1886#1.2
11
5
47#91
8
20
53
2
1#23
20
10
10
9,000
40
20
3
2015
2014
3
9#8
97
60
6.2
300
3
7
11#2
800
1
23
150
60
93
24
41
15#3.2#5
75
64
83
4
1.2#100
30
2.8
13#23
96
61#103
10,000
34#11
1987
69
433
10#911
14#30
10
3#2
2
94
2
2
30
10
1
8
4
2
8
12
833#22
102#3
2011
40
2
2
3
10
7
1977
1
17
270
1
2004
9/11
99%#99.9%
24
1
2004
10
900
2.5
20#10
400
9/11
2004#10
3.5#2
233
123
2012
28
71
150
24#9/11
4
8
4
12
3#3
4.7
1
825
19
2
72
33
4
3
150
2
3
2010
1.3
2
40#50
76
3
2
1970
1#20
26
5
10
11
5
9
2
2
2
1
40
96
114
1
2008
2
2
1#3
56
100
30
150
5.7
41
51
1981
3
188#2
3#3#3#245
190
20#20
44
1#0
13#700
84#5
3
83
46#35
5
15
1
11#100
3
2
3
90
28
1
1.1#6
1.5
500
37#8
300
8.9%#83
2
73
30
40
74
3
2
10
70
14.6
6#1969
3#46
20
15
2000
60
20
96
1#5
17
17
1#18
2011
25
64
51
1.2
3
106
911
2016
45
71#35
46
200
94
20
2
45
68#62
2012
2012#70
699
100#2
3
2012
21
9/11
71
1
1
24
3
2
30#850
20
1#5
0#12
3
170
12
15
5
1#40
1974
3
4
6
3
3.6
89
100
28
2
49
40
18
250
100
6#41%
17#13
13
2008
38
2.3#1
35
2
15#10
7
40
33#17
49#17
2
20
831
2
1%#30
2#2
9/11
2016
96
2
100
5
68
70#70
2
2
20,000
500
249
8.9
6#2
2
500
3#25
78#41
17
20
2
17
3
460
72
1
85
2
10
12
16
30
13
3
42
20
25#2006
12
10
13
30
42
30
0.8
6
60
54
36
6
30
3
150
300
4#4
20
11
101
8%#3
600
1.3
140
3
10
1997
16
3
90
2.5
60
300
10
350
9/11
2
3.2
7
6#5.7
33
11
6
100
700
1
1.2
134
4#0#3
81#21
3
200
7
2
200
25
1972
175
103
3
100
22
1980
186#2
100
80
11
500
4
47
2
3
1
120
5
281
90
3
3
15
2
13#3#13
71
6
3
2
20
100#10
96
77
6#60
41
17.5
3
14
30
1
86
68
1
3
18
900
74
3
18
40#3
1976
49
60
1,000
412
20
3
14
2010
25
35
26.2
1.4#10
4#911
07#237
9/11
1#3
401
99
3#79
25
1
13
3.7
7
10
2
2008
25
4#12
200
18
75#52#47#12
2012
6#3.57
79
4
10
71
3
68
6,021
3
50
2.3
8
9/11
80
38
50
3
885#84
10
4
23
2
55
7
13
87.8
27#886
495
160
100#2
380
138
12
3
43
18#37
84
70
8
13
7#95#500
96
8.3
2
9
9/11#28
2024
500
200
4
16
200
12
5
7#291
18#911
1
1#22
1
71%#34%
57
1.2
1,000
2012
2
150
4
3
448
6
5
3
2010
911
1.3
9/11
2
38
1
8
29
4
18
7.5
1
89
266#5
2012
70
504
3
300
5#1
9
800
2
2#5
105
63#490
3
8#7
80#4
54
9.25
45
60
1
18
64#6
52
10#1950
32
2
18.6#46
2010
25
7#7#47
4
49
11
1981
800#2015
6#7
250
2
3
76.8#60
5
17
80
75
72#200
3
4
95
18
2
92#6.3
26
427#8,000
4
3
4
25
100
2011
3
300
0
2
1
2
10
607,933.50#3
1.7
13
9
700
2
48
3
64#6
50
3
20
3
2#2018
100
2
4
11
13#700
44
10
5.3
11
3
1
12.5
20
7
5
3#3#3#245
42
1.7#8,700
1
1
25
14
2017
9
3
65
4#1
75
10#911
3
500
15
86
200#10
7
5
64#6
10
714
74
218
50#4
9/11
1.3
3
3
64
33#111#86
34
43
83
2015
7
2,676
95
1
9.5
126
1
25
800
6.5
2012
3
3
42
136
20
12
1986
75
10
29
2.6
60
2011
44
950
4
10
30
4
20
103
53
1.3
3
80
14
2
24#50
8
7
90#63%
100
8
2009
3
1
76%#30
1909
3
17#20
2
100
46
8
3
1
300
28
3
1
70#100
19
54
50
7
87
2016
133
333
10
2#12
3#40
2013
4
80#3
12#5
13
2
13
15
10
14
3
24
1.5
3
3
16
2
5
5
72#9
1
534
2014
2
110
4
14
3
4
4
9#12
8#60
200
3
2
8
13
17
2
1
10
2
500
19.6#2015
2010
61
4#4#4
19
3
800
13.5
123
4
21
7
4
86
17
3
2
18
1960
17
3
52
500
106
12
3
3
3#3#3#245
20
44
50
3
3
11
156
175
3
33#100
13
1981#6
5,000
59
3
4#15
18
30
3#2
60
2
3
652
14
10
6.5#2003
8
21
2
4
27
13
3
2008
100#5
107
6
2012
40
76
100
3
158
2012
10
50
1
3
3#8
6
5
150#24.5
1
1.1
2012#10
49#17
5#1
3
396
8.5
10
103#98#5
20
16
16
23
9
94#170
3
3
5
94
91
3
4#24
185
5#2016
3
80
1
1#10
10
45
7#45
20
1976
2
2#1.9
73
50
2
2#1
6.4#27
2013
17
150#24.5
5
11#4
2
90
2
3#1
12.2
25
10
500
50
2
3
16
4.1
24
122
40
29
70
3
4
60
20#10
250
1
7.6
266#5
2012
3
48
2012
30#21
2016
85
100
85
8.75
500#500
70
30
3
15
3
104#11
16
17
200
7
28
25
162.5
10
2048
2
1
9/11
96
62
10
1
45
22
10
49
8.8
1976
9
68
7#3#7
100
2
20
20
100
3.3
8
137
4
20
30#850
215
2
2
9/11
2.2
42
3
300
26#5
5
17
20
2009
12
1
9/11
93
1
11
2.5
9/11
3
16
9
30
2010
70
40
3
5#911
1
15
1975
52
170
35
8
68#75
186
78
8
8
173
78
10
7
50
2
42#29
3#5
54#9%
50
2012#10
70
2012
10
40
200#1
3
80
70
1#1985
2016
3
60
9
11
3
22
20
3#12
108#2009
100
2
1.6
26
70
25
30
11#1
1
2
3#19
78
9
5
6.3%#6.7%
60
350
337
79#3
95
145
3
12
5
15
3
9
50#50
4
67
5
9
4
14
2
1#9
8
16#25
40
30
1#3
3
45
1.7
22#1
36#5
6
10
110#100
200
6
3
14#69
8
39
27
650,000
1
9/11
2008
500
11
100
2
3
5
17#13
20
2
8
1
100
10
113
5#22
3
300
20
13
300
1
15
2
146
25#100
100
2
640
2016
29
9/11
132
40
30
5
67
560
1906
9.4
69
95
73
6
40
121
4
6#7
30
600
3.6
1
4.2
3#2
4
1
1.9
9/11
500#15
31
14
425
5.28#95%
21
2012
18
61
3
7.2
3
2012
9#5#16
4
60
17
95
3
14
3
1.9
3.9
8
2007#2006
70
7
25
2
5#27
7
23
120
84
74
8.7
84#11
2012
2
16.4
3
10
16
30
14#65
1
30
31
3
3
22
3
3#20
67
8#60
32
80
2,500
3
9.5
60
60
50
82
4
9/11
800
7#291
70#100
2
30
200
275
2
2
1599
3
1975
122
204
22
85
92
6.5
2
40
7
190
39#94
11.5
78
24
37
21
5
9
5
30
14.5
3
25
150
17
6
1
68
10#0#7
2010
2
1
186#2
26
2
1#95
911
2003
2012
2.7#2009#4
11
3
15
1
3
3
1#3
2
7
3,000
15
10#9/11
119#114#110
9/11
11
42
10
1
16
18
2
30
195
90
201
76
8
30
65
2
2
43
2.45
600
10
30
1#188
1,400
1#11
36
1.1#6
25
38.4
19
3
30#22
3
8
27#5
32#10
67
149
12
123
1
60
10
7,777#24
20
69
101
41%#5
32
9
280
2#15
2
1,022
36#5
75
2
13
50
9
2005
3
2
25
2
22
2
350
14,400
644
3
0
9
11#45
10
1,000
2,200
9
447
30
20#350
2006#3
17
31
30
7
2020
10
100
2.5
1
3
2
4
35
16
3
2006
12
100
80%
1,600#25
129
50
1981#6
50
72
270
2007
3
18
911
44
4
30
10
30
7
40
200
59#2
2
1
3
94
2#45
96#31
7.8
10
7.7
13
25
31
5.5%#5
394
6
11
80,000
2011
30#3
100
33#111#86
9
1
90
3
1
32
3
9
10
1.1
4
370
40#0
24
20
20#2
59#2
3
3#3
100
15#20
17
1.8#2008
5,600
2012
2016#3
172
20
2
40
52
7#5
12
40
309
27
2012
1.2
10
170
9.1
100
1#9
1
11
700
25
2
5
678#9,000
3
619
14.95
35
63%#10
16
2
1
5.3
8
75%
64
60
90
1#2015
3#3
3
53
17
1
21
12#9#5
22
5
27
2000#2016
13.9
27#9
4#9/11
3
150
2#2
3
2#10
1
3
20
1.6
3
43
3#3
19
15
2#2
10#15%
54
2
2
100
5
16
19
2.6
7#9
78
19
40
25
20
10#1
10,000
1
30
127
49
10
33
6#350
1
10
10
14#15
10
217#1.8
3
7
4
10
11
45
500
81
80#1973
10
9/11
10
6
1
10
20
5
17
80
6
3
1920
96
18
99%#1
2.2
2018
468
2
13
2020#2,020
73
730
260
3
15#7
6
80
3
7#3#7
6
200
222
49
8
10
40
80,945#75
6#68
100
20
2020#2
30
6#1969
1
40
8
127
19
6
6
352
1
2
50
2020
6
6.5
333
2#13
5
2#3
1.8
6
82#79
2#4
113
99
911
500
3
51
6
7
11
400
103
14#1
737#8
30
6
4
50
2020
25
9/11
9/11
2
1.2#500
6#7
40
89
500
19
3
607,933.50#3
5.6
77
2
6
56
60
70
6#460
5#4#2
400
2
9/11
6
95
50
2
10
9
199
8
6#9/11
17
6
6
6
58
50#12
500
6
1#40
6
1
18
26
36
4
4
10
2#10
8#4
2
4
20
6
87
80#1973
1993#2
6#6#4
6
1994
390#1
1
50
29
1980
12
200
22
10#500
2020
6
2
2#30
4
6
2
3
19
8
17
6
42
2
300
6
10
43
13
22
2.43
2020
78
100
4
50
2
16
6
6
2
53
240#200
200
83
3
2#5
1.3
6
10
2014
16
6
2019
750
44
2
2020
6
500
37
6
27
6
7#9
6
4
9#4
2
100
7
16#4.5#13
100
2.5
7.8
6#6#4
8
150#13
95
76
196
3#2
6
14#15
52
50
6
2
70
500
16
69
6
1973
12
60
1#6
5
5
500
47
137
6
2
28
12
6
6#2
52
2
3.5
16
43
3
14
6
6
21
6
80
2010
6
214
1
500
1998
8
1992
2020#2,020
6
25
84
16
791
77827#112
500
2000
10#500
12
6
1
95
3
1#100
6#911
30#2
6
30
7
45
1.6
2
4.5
100
7#49
7
19
2
2019
500
2020
13
3
7
12
8#7
71
5
13
100
6
2
1990
3#10
102
13
1#12
7
70
100#25
16
2#1998
29
1992
140#2020
99
7#275
3#5
3#2016
8
1.1
114
7#95#500
6#7
16
7
10
12
200
20
80
19
75#5
27#9
7
3
30
4
346
400#8
22
1
2
5
1,635
3
1.3
7#91
2022
737
50%
23
76
7
13
44
1.71
11#15
52
20
2
4
900
11#45
2
5#30
11#45
1
9#5
2
20
8,700
715
7
2020
2035
7#2016
77
7
2
20
500#1974
5
15.7
2018
82
898,984.57
7
27
10
1#7
2#2
5
2.23
2
1
19
10
2
4
21
2#3
51
2#10#7
1,400%#4
7
22
49#50
3
20
560
146#2
134
1#7
2016
12
32
86
1
360
911
10
7#2
25#71
6
7
7
293
16#4.5#13
7
151
94
3#2
100
7
2
1.2
7
7
2017
14
20
8
200
35
3
1#7
21#10
30,000
7
5#4#2
28
2020
100
48
16#7
85#7
257
5
3
272#27.20
19
7
14
11
1999
32
3
19
13
11
7
15
7
4
9/11
2
26
10
2#19,126
50
1
7
7
45
2
217#1.8
8#46
500
5
5
3
32
7
13
36
1.3
737#8
15#20
2
2
3#19
3#2
1847
526
2020
300
20
1
1
1987
1%
100
25
100
99
87
1
140
2
107
47#3
1.8
19#2
7
30
1#3
2001
85
1
190
60#28
2010
7
19
11
16
47
1
2017
10
108,951#332
2
19
14
890
20
10
1987
4
208#1
85#7
30#2
15
39
40#24
1#5
20
5
20
190
272#27.20
47
20
400
50
344.6
1#3
1#40
800
26
90
15
2020
5
3
737#2016
239
2020
57
1#1#22
20
1#57%
750
3
15#7
8
457#8
3#2016
4#11
1
69
7
19
1
13
46
1
135#1
84
1#11
1
9
370
47
6
19
300
64#4,645
5
1
6#350
450
11
6
15
2#1
18
53
2
152
125
12#9#5
80
9/11
20
1976
3
3
7
15#20
12
22
13
500
2
90
2018
100
79
98
500#2015
92
4
1
1#5
3
300
460
84
85
20
6
85
82#79
500
16
10
8
16
1
1
424
70#1
1#3
20%#2020
2
96
30
1#1#22
25
26
278
1976
16
91
59
1
22#1980#1
100
8#4
1
17#19
26#12
270
10
1
2.18
1
12
19#10
18
5#400
1#3
1
91
68
5#1
3.2
13
135#1
1
2
1
1.2#500
2#5
13#14
2019
911
111
1
44.5
10
61
1
18
1
80,945#75
2020
28
1987
32
1#30
100
1
2007
150
6.39#1
8
40
1967
2020
80
1#5
2
2
25
3
100
40
1
88
1938
4
1
16
2020
9/11
6
1981
1
1
2020
7
19
2
39
1
2
7#2016
10#1
400#8
150
2009
49
10
1#5
108,951#332
44
12
1#1
4.3
4
30
150
25
1#1
8#5
1
1
8:46
1
1
3
4/20
12
7
2
28
4
5
1
1
20
2.3
13#3
4
8
3
78
9/11
87
76
1
8#1
10
400
30
1#5
2020
61#87%
3.4
911
1900
15
19
22
19
6.75
20
128
40#1#8
15
1
30
50
1
47
62
1985#114
4
2
2
47#3
62
22#1980
18
600
2
4
2020
30
1#3
2#3
1988
10
1
7
2020
1
12
10
2020
125
1#12
46
1
44#5
11#4
83
25#71
6
3
3
737#15
10
150
2
500
35#3
10#15%
18
1#1
353
1
4.0#911
254
85
2020
16#4.5#13
92
25
2000#2016
3
1#7
3
2020
7#2
9#5
5#27#10
192
3
500
2016#1
4
8,000
1#12
5
18
414
1
1
20
100%#2045
9
4
2
4
6.5
2
1#6
1#16
5
200
737
2021
1
1#5#19
6
2.3
800
1#5
25
1
4#1
4
1
2
1
90
89
5
100
7.5
2020
85
13
1#7
1
9/11#17
3
9
1,099
5
31
51
3
20
1
4#1
3
11#12
27
75
5
49
30
26
100
2#50
18
2
22
248
12#2016
150
1
1#1
250
520
2.6
24
9/11
17
47
2
2
1
14
410
2
2
9#4
4#11
32
1#7
1
69
1#7
197
80
4#2
12
1#26
115
10
100#9
2
150
10
99%#1
40
51
850
75
395
911
99
1
1
1
20
600
1.1
737
6
98
14
183
10
3
52
10#26
100
11
911
100
400
4.82
10.5
91
38
77827#112
830
9
15
7
2#10
81
59
2020
61
33
500
3.3
757
9#10
16
21#10
12
500
1.25
900
47
54
2.5
70#19
1944#184
2018
1
7
9
19#2
32
27
3
1#7
66
3
25
50
9
9#24
125
1.3
3.5
12#2016
7
7
50
9
2
600
38
20
2016
200
5#4#2
3
32
36
45
4
1#16
9
9
500
37
190
15
2
9
558
2
100
11
19
40#24
300
31
2020
1966
9#2#24
50
350
35#3
26
800
17
100#25
30
8
92
2018
100#9
9
3
100
64#4,645
16
2016#1
11
80
5
1985#114
30
99
8
9
2020
7
45
200
28
9
19#60
500
3#19
9
2020#2
96
2#10#7
78
4#5
1901
13
7
325
36#50
24
4
4
4
3
2
200
100
2.2
100
15
400
1.2
150#13
84
4
6
2014
60
4
9
4
500
30
10
40
9
20
4
246
390#1
2
70
100
5
500
11
4
4
4
7
4
3.2
26
2.7#2009#4
5
800
20
1
6
34
9/11
26
18#17
1
3
1
100
9352
4
14
25
4#4
9#2#24
150
4
200
17
6
6
1
28
22
500
1,300
68#52
19
21
1#100
88
4
32
4
4
4
4#10
4
89
27
7
80
34
4
12
4
35
5
228
2017
19
60
4#15
25
42
15
500
9/11
4
61
5
4
2
3
4
300
4#4
2020
2
50
3#3#3#245
10
5.9
38
737#2016
100
355
17#19
19#3
4
4#2.75
600
135
2
27
5.28#4#95%
3.4
60#28
15
4
5#2018
48
82
911
100
1,008
90
76
800
24
10%#4
1988
60
9
71
2#50
36#50
69
17
1,100
6
56
2
11
268
17
500
11
2#1998
26
20
91
4
2
1
13
77
50
2
63
1.1
975
82
13
19
18
50
240#200
2020
2#3
7
4
6
5#30
3
4
545
4
4
500
2#70
2#30
3
38
4.0#911
92
2
5
2003
737
3
61#87%
952
10
2#2
42
58
5#27#10
4
38
3
5
2020
10
15
2
2#3
27
11
1
242
1938
7
1989
6
11
2
5
4
4
2
100
94
19
20%#2020
15
46
13
31
30
750
50
500
45
14#1
72
1
8
1.1
41
11
166
10
3
5
80
5
154
2022
14#4
4
1.79
35
5
293
3
3
2
4
99
40
4
112
400
140#2020
1#4
1
35
800
3#51
14
2020
4
20
1926#200
9
4
7
10
75
4
4
10
82
21
18
1
101#10
13
6#6#4
2
4
607,933.50#3
10
5#3
15
25
128
100
113
100
43
9
4
73
2
2008
7
10
1
4.7
35
30
2
4
2003
9/11#17
28.5
80
4
24
20
19
3#10
4
3
70#19
24
4
1975
5
15
3
5
27
75
10
2
51
17
87
19
9
102
2
500
35
4
4
10
3#19
11
2
9
4
150
7
22#1980#1
60
21
4#86
254
12
10
60
2#5
4#8
4
30
4
4
23
4
4
12#5
1970
10
1.8
1.3
5,160
285
470
374
86
1
2#3
15
102
15
13
1927
800
7
82
4
4
34
1993#2
600
16
911#6
95
2018
4
4
2020
15
1926#200
31
40
9
10
11
14
159
4.9#8
911#6
2#14
4
20
7
18
3#14
4/20
1.23
5
50#12
1,500
88
92
75
4
13
7
5#3
50
4
9
37
4
1
100%#2045
18
4#1
11
120
31
4
132
4.9#8
4
7
3#4
1
16#7
11#15
2036
25
3
4
61
3
30
86
89
300
2
900
4
4
19
21
97
200
4
8#4
4
80
4
484
17
2.7#4
3#14
11#4
4
150
4
70
1869
4
7
1,400%#4
79
4
66
4
4
3.7
3
9
13
3#3
2016
41.6
3
2020
4
6,000
4
419
2#70
16
13
60
95
32
2020
30
2
6.5
76
9#2#24
911
3
7
20
80
17
5
76
18
22
23
87
4
52
28
336
50
89
2#2
4#8
70
5#10
11
135#1
9
4
21
240
898,984.57
54
22
5
2#4
4
101#10
4
86
4
84
40
120
55
3.1
82
4
79
200
4
500
40
25
2.1
90
62
69.42
14
3
300
2020
5#18
13
500#1974
6
3
11
30
1972
1
600
1,300
1.3
68#52
22
29
57
14#4
18#17
1#5
6
4
350
9#5
8
1963
10
9
5
5
26#12
150
36
1.9
688
3#16
2.7#4
911
5
80#24
7
1998
18
1944#184
2#3
5
5
100
10
4#86
140
48
90
5
10#2
97
11#12
10#26
9
76
5#2
500#2015
14
2015
120
10
747
32
5
13
2
15
750
911
5
5
12
7
5
5
5#27
4#9/11
5
7
193
9.2
20
12
625
2020
25
35
3#16
3
54
842
98
2
26#5
737#15
200
15
1.3
7#3#7
2
4
1.8
95
10
200
1997
1#5
95
94
190
7
3
13
13#3
2#2
40
5
5.5%#5
86
78
8
30
500
20
5
3
1#26
5
28
80
2020
29
360
2020
50
12
17
12
150
5
5
81
1
23
73
5
2#5
3
3
30
23
5
29
31
10
25
6
500
4
3
5
5
20
10
11#6
3
1980
50
2#3
21.1
19#3
5
1#5#19
89
10
30
70
3#3
10
5
2
8
31
13#14
911
22
7.5
30
15
4
2017
105
31
40#3
4
9
1#50
5
3
8
24
2
28
3
1#6
7.44
27
55
10
6#3
6
1
23
1#2012
2009
14
10
3#121
10#55
2016
35
91
12
4
4
32
60
30
13#11
94
3
3
150
2
666#13
5
2
26
5
3#11
2
50
10
2009#1908
12#25
2
2.8
2
9#5
1
2020
1#5
12#9#5
125
87
1
72
2#5
12
17
1#5#19
5
400
70
2#2
37
45
6
1
7
7
4.4
1%#20%
106
81
4#4
5
5
400
10#68
60
2012
11
15#1
3
16
10
3
13#11
5
6
26
10
50
40#6
29#14
6
89
58
41
210
90
1,265
5
27
2.2
2004
5#2018
1#1977
93
1991
93#6
85
185
185
20#38
2#60
26
85.3
5
2#50
2
5
98#49
100
9/11
3#200
640
18
69
4
1914
44#5
88
900
25
18
75
3.5
75
20
1
9
10
5
5
5#400
2016
2
57
1978
100
100
11
14
130
2002
5
749
109
83
4.51
6.7
412#56
13#13
4
14
336
18
14
400
11
2011
4
23
50
51
5
850
1.3
67
2017
1986
1
5
4
1#8
3#82
5
5
2
521
4.5
83
91
154
4
10#55
300
10#3
2012#13
8
12#72
4
25
2020
2#1
12#5
238
1.4
25
10
114
84
3#4
3
35
10
22
57
5
66
10#12
1
12
1#56
2
41
5
200
70
30
1#3
140
2
3
25
3
27
3
21
100
5#27#10
8
3
2016
2#2
990
9
6
142
170
1#50
10
500
13
10
50#20,000
18
16
1#6
0.495#10
15
30
75#5
370
10
5
3
5
20
5
15
89
50
4
8
276
6
2
1889
4
43
10#15
8
2
5
2
5
100
1.1
2
5
53
1#2012
1#3
2
60
300
43
40
1957
3
2
1
5
4
50
280
1#28
100
15
0
24.1
2017
2
3
5
42
2049
2
148
1%#20%
220
11
1857
14
2#3
7
73
60
35
2
17
6
800
2
13
134
16
40#3
1.8#1
40
7
129
9
1
42
130#1
1.6
5
88
40#10
165
600
3
5
8.4
16#67
50.5
1978
1.2
72
155
5
1
8
2016
43#57
2014
87
1.2
1838
70
15
2016
14.3
25
17
3#51
3
2
5
31#75
2011
45
18
125
8
73
10
9
2#20#350
88
11
56
9
5
50
28
2018
73
3
1#40
3
300
2#4
5
22
8
15
5
1979
189
3
4
1#10
8
29
5
3
10
3
8
911
6
5#8
1#40
850
126
16
1950
30
22
600
2
80
32
2
188
6
8/6/2001
412#56
12
1974
1
1
1
2
14
37#8
4#1
8#105
43
26
4.6
11
11#8
5
2
2#20#350
2009#1908
48
100
6
8
8
21
30
8#7
2
1
1
100
81
16
22
4#911
3
7
19#30
1#56
36
2
1984
8
84
2017#1
5
7
1
100
40#1#8
100
2,000
58#270
89
20
500
2
8
2
2
5
210
2
12
8
40
4#4
13
205
1
12
500#4
12#3.5
2
1#28
130#1
100
3
3#4
2
2009
100
8
16#67
17
8
10
42
36
7#23
3.4
150
83
8
8
3.2
90
8
2
31#75
11
2
22
400
14.7
8
4#911
89
19#30
5#2016
40
43#57
213
22
10
25
4
1#52
43
425
77
9#4
25
65
666#13
37
3
2018
50
20
650
110
8
2011
5
2
3
2
28.75
40#6
1984
6
3
3
5
14
2
3
210
1.8#1
18
37
5
3.6
100
6
2004
44
8
500
88
1921
135
3.5#25
8
120
32
1#3
13
97
2006#3
300
29#14
7
50#20,000
91
500
3
13
91
43
2#325
2#11
25
40
3
4
500
20
80
8
117.2
14
1#8
9
3
7
3
8
40
24
2015
7
1
370
20
8
1
2#20#350
73
57
10
5
10
73
150
2
9
135
457#8
39
19
14
20
2#3
3.5#25
8#20
6
71
6
8
40
7.8%#4.7%
40
12#25
20
8
2
100
325
3#121
5
3.5#760
100
1
17
7
8
0.495#10
2
2
8
26
47
100
33
8
40#10
900
1800
204
7.8%#4.7%
6
20#38
350
500
6
1#10
1,125
11
83
99
2
5
12#30
200
114
30
142
90
1
2006
3
30
22
100
3
3#82
38
4#3
1
1
2008
8
2#1
47
24#2
8#1
2.5
1.8
1989
4
4
5#2016
2018
1
1.8
7
6
23
1
1
7
10#2
8
8
27
1.2
250
4
8
10
8#4
2011
28
127
10
403
8
7#23
100
2#11
8
5
81
2
30
74
6
4#1
237
6#911
8#20
100
5
8
8.4
2
75
8
12#30
35
160
5
9#4
15#1
2#50
3.5#760
54
270
1
100
452
2.5
1
5#8
336
3
1933
143
1#52
48
5
20
8#2
2
2
1
40
77
4#3
20
2
18
2
107
20
2
6
11
401
63
12#72
65
9
16
69
33
872
15
3#4
911
10#12
5
8
10#68
6
57
80#106
24
25
40
22
60
1#1977
150
4.8
93#6
9/11
1989
5
11
3
66
1
1944
8#5
61
20
4
10:15#10:55
1
7.6
4#8
2
3#200
1.4
500
4
22
8
2018
100
32
8
1
2
7
633,753
50
2
1
2012#13
500#4
250
4
56
23
3
40
3#51
8
2
8
61
1.6
10#3
200
8
18
20
6#3
1
8
270
7
2.2
25
80#106
3#4
149
1
3
3
76
15
6
500
7.7
2017#1
20
1
10
2017
91
65
20
4
19
3#11
1
225
100
2
3
300
2#3
911
12
1
4
400
6
50
3
3
50
2
2.4
